Tara,Comp0,Comp1,Comp2,Comp3,Comp4,Comp5,Comp6,Comp7,Comp8,Comp9,Comp10,Comp11,Comp12,Comp13,Comp14,Comp15,Comp16,Comp17,Comp18,Comp19
Belgium,0.20051053569463131,0.017652533298826035,0.1290591507973265,0.005744129507724606,0.2680513653961523,0.09459943465299228,0.12254952245464017,0.09497574919687372,0.007855898919165882,0.017672162663508843,0.02234601712212803,0.0007245252389718664,0.001773046625151426,0.012969394386470254,0.0015347052169563044,0.0004483854000047779,0.0014621036494798228,1.9351424224760082e-05,2.100282407418929e-05,3.098553069698297e-05
Bulgaria,0.8813310964781119,0.00024845325496879487,0.018563336146194168,0.026464926670434076,0.0006226978030734024,0.006357562548151382,0.0057552487295541325,2.4436796369458575e-05,0.014841489577244502,0.01596775169609438,0.002465642965097522,0.002290032409417627,0.002506762945120645,0.019589365471402057,0.0024893289520413805,2.713903510162318e-06,0.0002254164894669627,0.00011804416531675444,0.00013548520460891558,2.077938218758689e-07
Czechia,0.023679505483536874,0.5298281043202446,0.22071627358838114,0.03601922404573031,0.04018599759533057,0.0843484677148582,0.025080260612374953,0.006579834359886094,0.000928272707151709,0.0011999347886200394,0.005824780913449368,1.1722404396505227e-05,0.022631545634639535,0.0001483547597493,1.581431308444729e-05,0.0004438359525064291,0.001830439023774999,0.0003246359945741029,0.0002029645824971006,3.120521370869853e-08
Denmark,0.625765143778304,0.17383770764537182,0.046483798917670474,0.008702127183029144,0.028943124473507446,0.03778717851652859,0.011882599162267957,0.013215330230868044,0.002696457848508972,0.008289518666441028,0.02786034351346583,0.009385814962341624,0.00033494651319554083,0.003057822859150655,0.000708204542421299,2.074229932045942e-10,0.0007771684529815534,0.0002581127073499734,1.7497298301762033e-06,1.2850089342927996e-05
Germany,0.5343430207157845,0.29911161895015176,0.0028467659739867934,0.001052872536041381,0.08206604412965351,0.004410139553239514,1.4409835995820298e-07,0.004422687811725975,0.00024648147838171445,0.012939970616240684,0.01118886354442068,0.03281594407246241,0.0026594807203416506,0.006920398453408357,0.0004908000739348287,0.0038257873204610477,0.00018723047891669968,7.239418716849376e-05,0.00037422034927263743,2.51349360474253e-05
Estonia,0.42145279152430093,0.11229436982227654,0.038509424626298874,0.023566448779022565,0.1731799566801681,0.05782996489863241,0.010056819516851008,0.021648392079914314,0.03441180626025111,0.0017804463863124037,0.0710257286866746,0.002483083324852136,0.01378102119735115,0.001960372895571481,0.000651838517108861,0.009982330535176906,1.2317030734804007e-05,0.005340379914052725,5.198523446419917e-06,2.7308801002638766e-05
Ireland,0.005699830400099434,0.2977355630047856,0.062440963766591515,0.321199492426347,0.0034171764811940543,0.011972009347363413,0.057900094058579286,0.10057396260848613,0.0005024338595891416,0.09617947362675103,0.0012580744339723145,0.0028196874922511825,0.03159047387342842,0.003967275569096216,0.0010277009305194288,0.0009031526723781875,0.00019274428211196512,0.000617007814778914,2.8805876561610393e-06,2.764020217932141e-09
Greece,0.06837388938916175,0.2380722543261825,0.35971833085259114,0.06357794047589181,0.1928421454943352,0.02392211953278385,0.003741777064323091,0.031352509144563626,0.004717695621434216,0.009508941993985503,0.0007567911198101331,9.699332853038562e-05,0.0024906914669462436,4.8223826810888e-05,4.826777924407521e-06,4.8898496370459606e-05,0.0005078800411133316,8.286660381642545e-05,0.00013363627512324853,1.5881683016942026e-06
Spain,0.05841820207396095,0.12851807412096436,0.008402344615907973,0.11286426266932457,0.13727312014075027,0.07702392834621105,0.22405302009246472,0.0031872991628306264,0.17313181830190785,0.00498378013090539,0.004223073155780082,4.2605515679947884e-05,0.03242852569312778,0.0250938621275231,0.0010074516805888502,0.006480111211850078,0.00033623986213663466,0.0013627654143640244,0.0011169990110845446,5.251667263712783e-05
France,0.0035546571136625673,0.38308438334124917,0.044859235704654235,0.08924477743338093,0.06909341406467341,0.26810151767595086,0.006883719017831895,0.05456611280052343,0.03830577052253512,0.029092954476172946,0.002051181901589696,9.540127355070946e-05,0.004461748042376219,0.00012411026675603222,0.0018222431166912995,0.003426655078624204,0.0007501407689485032,0.0004370065366935005,1.9103909824737583e-05,2.5866954310740358e-05
Croatia,0.06368312773752863,5.483041816823662e-06,0.2177789944513797,0.4025885680374712,0.021849572618593213,0.027377805909754402,0.10389416906569811,0.06813998763027196,0.02157611760962348,0.024816180512756966,0.018420074429874228,0.008014913938350335,0.0047009944159464466,0.015327114807754142,0.0012342988817731126,9.476843009396912e-07,8.286841679326294e-07,0.00039739478862428645,0.00019145073350404282,1.9750208099291246e-06
Italy,0.6855463326233179,0.004957503056705147,0.06614454382678676,0.003194472245973626,0.07712538077380567,0.057218334827123074,0.0073145567960139195,0.017323004562394884,0.004869091082015939,0.00020484300007745168,0.06255457639269593,0.004643372122818188,0.004533796532751959,3.671100176887388e-05,0.0013722912424551671,0.0010129284078578779,0.0011099028337414765,0.0007608497215352702,1.5202259515089647e-05,6.2306690645962e-05
Cyprus,0.0602132728857633,0.11027384383511085,0.2516041126007335,0.09351702033919793,0.07689300900454697,1.4934567114623401e-05,0.26439630804574366,0.0029946311492988135,0.03598616611289797,0.04736237318315214,0.025707897458558008,7.551200973165944e-05,0.01911929504956801,0.007782736037122137,0.003168826652284868,4.319738787288717e-05,5.1136507557768173e-05,0.000777603858167339,1.2615102819169937e-06,1.686180529549498e-05
Latvia,0.45545655939586105,0.016471265262446803,0.0842363154552365,0.0016630968164892165,0.25916331968049505,0.0015251647523891302,0.033357995653968395,0.014416600155065025,0.07426485774642937,0.000486692003225424,0.02404569916282247,0.016917000449593315,0.0017376446635365848,0.00806994863514341,0.001707048721740671,0.0005212417396554431,1.6965335219424194e-05,0.005650271940370052,0.00013597035610221484,0.00015634207421047055
Lithuania,0.0009868037766854704,0.005597033380055296,0.054556262558014594,0.09254374884187995,0.27900408019549394,0.09436111656408372,0.025286138358911595,0.37729077577521203,0.00716441108039813,0.01080490685718568,0.014365920888809478,0.008364244190434219,0.008039394132019784,0.010536416446321977,0.00974832580491709,0.0007565899838257852,0.0001192811619114067,0.00040509940344882314,5.23976598255217e-05,1.7052940565459755e-05
Luxembourg,0.0003943996515966252,0.14799314782847256,0.007608567665321749,0.6336909085286232,0.01239864554271836,0.10018475630957993,0.03692148790351547,0.001449643471563803,0.01046729913862803,0.0066453107888231585,0.00025784637489680544,0.002053520415935362,0.006735715875614229,0.028037124554308814,0.003813004815894977,9.622436646582268e-06,0.0011052703094213063,5.6311737396600646e-05,0.0001669410965877758,1.0475554454718873e-05
Hungary,0.1659348941056945,3.07520215752123e-05,2.249175047144904e-05,0.05701216687472757,0.24312273016551952,0.3236158742929304,0.0010325559596411193,2.3842850138479233e-05,0.03382500958141839,0.011255678154088152,0.027235277872365703,0.10570674917516701,0.0014653369964990645,0.0021738412209752252,0.026975574507290642,0.00022661797145088924,8.953173630568044e-05,0.0002183258481689332,2.9838859143091913e-05,2.9100564289463126e-06
Malta,0.07903363466229683,0.09391601687895405,0.4215842407651065,0.00017075613805979473,0.06519518862837419,0.11053129518524697,0.07291537651186451,0.07065959063469095,0.033477914640412436,0.006633338919121856,0.01081397840401671,0.026918277442196444,8.873974467724188e-06,0.0008473544918288357,0.006966708069449595,0.00014161312922323567,7.136829391233162e-07,0.00015029559186765598,3.4486564991708476e-05,3.4568489097090433e-07
Netherlands,0.8792850706427234,0.004117724921244638,0.03283182912062739,0.009045743891078786,0.009269209579819337,0.005213196214462241,2.0208358104259747e-05,0.01252442302421356,0.002065233346834625,0.007325470677184835,0.0003762822537332461,0.024413013024408906,0.004262132781349882,0.0038437128809663866,0.003587900985946573,0.0003899465983385892,0.001057958493075264,0.00028036157634460206,2.2093420568571556e-05,6.848820897470219e-05
Austria,0.18812992269818293,0.3500106415808917,0.021434497081907075,0.11049757220432628,0.0036353792711148864,0.24027414305127043,0.021842238969474636,0.05024862716703213,0.0033405041929049943,0.00013162847316080083,7.416789689368048e-05,0.0051446315202612,0.004160627576293656,1.4584419459312488e-05,3.5540402269121158e-06,0.00039331759994409594,0.0005780931642201277,4.2108444262920245e-05,4.091790826107234e-05,2.8427399112725345e-06
Poland,0.3646917277027018,0.25446103172998313,0.007258036368554934,0.059207977525007185,0.032636214040262436,0.022719657144567664,0.10957359144926151,0.011843512214839088,0.012466274893779838,0.0383111640093898,0.0025999477126867265,0.07059178259219157,0.0061164736792718305,1.3379658707300077e-05,0.0017634542174428827,0.004050140533173952,0.0005035294266546886,0.0008018675585743996,0.00023771363354777315,0.00015252390940127244
Portugal,0.21901521089961856,0.06314479051383726,0.14093127792730764,0.18197565551618686,0.014879245388004097,0.002545560376110289,0.07604521715507213,0.0063607040498779455,0.18101118221472337,0.0004200917953051087,0.019682367614782523,0.015637245705272702,0.054360506978272244,0.011297632083216975,0.012132142715784154,8.75628789200429e-07,1.9158941267675072e-05,0.00031307476714839233,8.604998303111128e-05,0.00014200974639168556
Romania,0.7600708978732602,0.01390613874864383,4.148361897119445e-05,0.07786541258551133,0.0028438672810748218,0.012681792002085692,0.08183836650611911,0.0009956114463215986,0.0169170520602532,0.0001663279503041902,0.003901059362875023,0.00018860831265213142,0.001871288565986946,0.025182587763668066,0.0010172352082909635,0.0003163447175302146,0.00014433283978758244,4.194664668336173e-06,2.0021907269499542e-05,2.7376584725877093e-05
Slovenia,0.012244902403794685,0.39238318072694905,0.036446849563867796,0.006257038408427817,0.15225986537691585,0.08429277121695497,0.06066429346655991,0.1980965198318131,0.000945608289813826,0.01789435469117643,0.004099432367308813,0.002934217199764588,0.0021121495539146527,0.007049463924054075,0.017475258667928168,0.0024646090729369646,0.0006157314759227426,0.0017634234363750009,3.232764677419189e-07,7.049054027158952e-09
Slovakia,0.21313759924079934,0.15536710480729304,0.0031122543324485948,0.03600815124655404,0.19779931222716496,0.2504516429914835,0.004592251651840474,0.026146073624984598,0.00039434309933963175,0.010887415935369644,0.00038475924230471355,0.0016894385023838692,0.08031638962155133,0.0010899623422897713,0.01258245162408758,0.0015731791343348413,0.003832380206548993,0.00012660507233216336,0.0005081123216031375,5.727752859982682e-07
Finland,0.8521074292230761,0.05285518174601776,0.006910744599502631,0.004538291876841077,0.002058288159101339,0.004440252257424581,0.0003506345004565305,0.05473342611008937,0.0011562348429081865,0.0016916741309481393,1.6243586972299247e-05,0.010743684583811162,0.0027116631305536963,0.00044289690478157727,0.004572890072169099,0.0002733821489246784,0.0003130949795183723,1.4081040886218437e-05,6.981276707702781e-05,9.33389401810994e-08
Sweden,0.8166282477094507,9.381876011989058e-05,7.553468075273338e-05,0.008198518602516998,0.007628848101796477,0.04114087160794664,0.03627625540755586,0.0007906255777364488,0.0034622021004346425,0.017492200114412722,0.00017827538893173603,0.045817855611513386,0.007159597813656036,0.007891077628070824,0.00048076991562846674,0.006080266523548727,0.0005828641476477672,1.0476019933514376e-05,1.1662641681862252e-05,3.1646664296885773e-08
Iceland,0.768269101684812,0.14317435427760172,0.006300514745021151,0.0002767287726440175,0.006432094837754358,0.011207054414276477,0.004233206571351395,0.007800505220156159,0.020835514863828314,0.0037364087467777565,0.021565949128932907,0.002621629403000649,0.0017353053769789788,0.0012583549491435994,1.6938565669821507e-05,0.00010091850439398726,2.4730102827414142e-08,0.0003350727018233102,6.583803654037386e-05,3.448446919022081e-05
Norway,0.8209218614231479,0.030558128685193302,0.02421701387613961,0.0011294944344619109,0.005789449556614909,0.06275900033204834,0.030850668471410415,0.001344057327530869,2.2036417931748816e-05,0.0061867138344876655,0.012461381213002798,9.252411191598468e-06,0.001017379233309873,0.0002843869578660309,0.0002767812133911209,0.0017131295899688675,0.00010138812572432483,0.0003091410723436696,3.412986059737648e-05,1.460596363769019e-05
Switzerland,0.6848748513186477,0.029491136381026715,3.6741658957500016e-05,0.06345434281144167,0.0031995785200992694,0.0009790382600517692,0.11071136856642431,0.010960495919072092,0.014990864258377394,0.009697955110921573,0.0061584693798520515,0.012014478033026773,0.04526188523606379,6.837737086918509e-05,0.007292186868804905,2.451339597379108e-05,2.2143049168861934e-07,0.0006262989153309813,0.00014845527527496664,8.741289291867944e-06
United Kingdom,0.664309005906024,0.007955528902875604,0.00963942456414604,0.08713390209458619,0.0006281174527479955,0.013263125664371041,0.16377864505910225,0.014288153813929626,0.006061457816010086,0.0002678955935343548,0.0049053235926107,0.0250772538340963,0.0006018863979226102,0.00012039477230138464,0.00039800005649434704,0.0006756196350524873,6.9336143526059e-05,0.0003833611203934418,0.00012720404665437726,0.0003163635336210212
Montenegro,0.3618326053034781,0.04135143797178946,0.2706805774123369,0.08702273302836358,0.028637512814471133,0.06355154443237628,0.0005541096218745506,0.013706677550250384,0.08562547253194558,0.022819782086754142,0.01613012298908868,0.005358137555369176,9.647089032307353e-05,0.0018217300032449635,6.226775432508005e-05,7.739572640659647e-06,0.0006828104207745018,3.611247337244772e-06,5.009382312270334e-05,4.562990133878748e-06
North Macedonia,0.6343543766377989,0.11100125030747976,0.013313979800475762,1.548584717363751e-08,0.0448552496088292,0.007712589061794615,0.028614839143431135,0.05533098607980318,0.09325763854810977,0.00017336463250906367,0.001538120464511457,0.007627838662991776,1.5123294456177888e-05,0.0005543874468341741,0.0004087772286557604,0.0004253007983370368,0.0006748451956889517,0.00010751207521582905,3.0441323503299123e-05,3.3642037269762534e-06
Serbia,0.7078746221432977,0.005587629193815305,0.19965129208608434,0.020080418904654153,0.0037455807009718085,0.009596896320672762,0.020384832336658568,0.0018350022443686088,0.0007356373209123719,0.0105109065511662,0.0007208883311183381,6.597648883329393e-06,0.0022899008686972323,0.0015375690365926876,0.006121696861217577,0.0031555307906125413,0.006017179301903406,0.00010670617738007226,3.898535892089034e-05,2.1278220722728736e-06
